camera_matrix:
- [999.1982933932153, 0.0, 644.6254385658015]
- [0.0, 1036.0246943682293, 356.0518358525304]
- [0.0, 0.0, 1.0]
dist_coefs:
- [-0.23440000955155973, 0.04006162073823348, 0.0034977324574391074, 0.004051180386141409,
  0.07402326031102507]
rms: 0.34344511621509216
